1160.253418 62.643150 22
1421.597900 313.510376 44
2067.368164 480.414398 24
2219.081787 499.266327 23
443.402313 491.474945 45
1239.891235 531.369934 25
1036.257446 570.980530 27
2267.076172 738.949280 26
2066.530762 913.571167 29
1141.678101 927.319763 30
2162.240479 923.225952 28
1353.254395 997.833252 46
1821.395752 1031.048584 47
1277.499756 1182.486938 31
2116.728027 1281.000610 32
1114.873047 1405.619751 33
2010.882568 1458.399292 34
1831.984985 1746.340576 36
1322.286865 1786.067139 35
1548.194580 1886.494873 37
1687.235107 2001.581543 38
