-21.052492 -122.687973 752.807129
-81.444672 -109.764374 735.693237
29.918570 -84.980713 760.039734
-42.520325 -75.641907 748.621582
-100.439201 -66.102783 734.430725
81.379021 -69.780251 775.292542
-56.493847 -15.869071 744.736267
80.712547 -6.968995 774.156555
-101.982216 4.767449 734.086182
148.563324 16.869921 789.416260
66.211922 21.900955 771.195129
-144.344147 27.312939 720.038269
-86.429291 51.991924 736.568604
26.453531 57.470226 760.592163
118.668434 74.818466 782.181641
-120.229652 87.281151 728.368225
-80.752563 104.963692 736.493469
121.471245 126.078491 781.511658
31.967531 124.852501 761.223572
76.486099 127.368225 771.443848
-119.562706 128.713242 728.335449
-78.924187 153.812119 734.591980
-104.908028 165.966202 726.886780
107.074921 198.116196 776.418274
69.906342 198.425003 768.158264
-89.078819 217.378448 732.620483
121.691147 232.596466 779.817200
-120.011574 224.034027 725.271606
95.788879 260.341400 773.459229
49.050610 259.092743 742.289795
-102.914658 263.216827 729.065308
-80.500114 292.760895 733.947754
87.929153 311.971588 772.106140
-105.281807 317.351044 728.107361
61.944855 335.427551 764.279968
-71.441246 364.811920 734.442993
22.234423 370.808929 753.224670
-31.293106 382.484406 743.196777
-3.948293 401.419769 749.144165
-15.612459 268.371582 740.844849
60.808220 131.217377 727.850647
-51.927818 -26.369139 852.079651
53.115662 134.474884 729.088867
-41.751827 42.846489 760.826111
-82.232849 193.769867 706.612183
-91.726089 200.509293 964.554688
-30.061041 272.949585 795.117798
-43.656006 272.616211 680.001709
